0 4

54 1
15 1
25 1
35 1

25 2
15 1
15 1

0 4

0 4

54 1
15 1
25 1
35 1

25 2
15 1
25 1

0 2
35 2

35 4

54 1
15 1
25 1
35 1

25 2
15 1
15 1

0 4

0 4

54 1
15 1
25 1
35 1

25 2
15 1
25 1

0  2
35 2

35 4

35 2
45 2

55 2
55 1
55 1

0 2
55 2

55 2
35 1
15 1

0 2
35 1
45 1

55 2
55 1
55 1

0 2
55 2

55 2
35 1
15 1

0 2
15 1
25 1

35 2
35 1
35 1

0 2
35 2

35 2
65 2

35 2
15 2

25 8

0 4

54 1
15 1
25 1
35 1

25 2
15 1
15 1

0 4

0 4

54 1
15 1
25 1
35 1

25 2
15 1
25 1

0 2
35 2

35 4

54 1
15 1
25 1
35 1

25 2
15 1
15 1

0 4

0 4

54 1
15 1
25 1
35 1

25 2
15 1
25 1

0 2
55 2

35 4

35 2
45 2

55 2
55 1
55 1

0 2
55 2

55 2
35 1
15 1

0 2
35 1
45 1

55 2
55 1
55 1

0 2
55 2

55 2
35 1
15 1

0 2
15 1
25 1

35 2
35 1
35 1

0 2
35 2

35 2
0 2

35 1
25 1
15 1
64 1

15 4

15 4

34 8

34 4

14 2
34 2

24 8

54 4

54 2
24 1
14 1

54 4

54 2
24 1
14 1

54 4

54 2
24 1
14 1

24 8

34 4

14 2
34 2

24 8

54 4

54 2
24 1
14 1

54 4

54 2
24 1
14 1

54 4

54 2
24 1
14 1

24 8

55 2
55 1
55 1

0 2
55 2

55 2
35 1
15 1

0 2
35 1
45 1

55 2
55 1
55 1

0 2
55 2

55 2
35 1
15 1

0 2
15 1
25 1

35 2
35 1
35 1

0 2
35 2

35 2
65 2

35 2
15 2

25 8




