13 2
53 2

14 2
53 2


62 2
33 2

63 2
33 2

42 2
13 2

43 2
13 2

52 2
23 2

53 2
23 2

13 2
53 2

14 2
53 2


62 2
33 2

63 2
33 2

42 2
13 2

43 2
13 2

52 2
23 2

53 2
23 2

13 2
53 2

14 2
53 2


52 2
23 2

53 2
23 2

42 2
13 2

43 2
13 2

32 2
72 2

33 2
72 2

62 2
33 2

63 2
33 2


22 2
62 2

23 2
62 2

42 2
13 2

43 2
13 2

52 2
23 2

53 2
23 2

52 2
23 2

53 2
23 2


62 2
33 2

63 2
33 2

42 2
13 2

43 2
13 2

52 2
23 2

53 2
23 2

13 2
53 2

14 2
53 2


62 2
33 2

63 2
33 2

42 2
13 2

43 2
13 2

52 2
23 2

53 2
23 2

13 2
53 2

14 2
53 2


52 2
23 2

53 2
23 2

42 2
13 2

43 2
13 2

32 2
72 2

33 2
72 2

62 2
33 2

63 2
33 2


22 2
62 2

23 2
62 2

42 2
13 2

43 2
13 2

13 2
53 2

14 2
53 2

62 2
33 2

63 2
33 2


42 2
13 2

43 2
13 2

52 2
23 2

53 2
23 2

13 2
53 2

14 2
53 2

62 2
33 2

63 2
33 2


42 2
13 2

43 2
13 2

52 2
23 2

53 2
23 2

42 2
13 2

43 2
13 2

52 2
23 2

53 2
23 2


13 2
53 2

14 2
53 2

62 2
33 2

63 2
33 2

42 2
13 2

43 2
13 2

52 2
23 2

52 2
22 2


52 2
23 2

53 2
23 2

42 2
13 2

43 2
13 2

32 2
72 2

33 2
72 2

62 2
33 2

63 2
33 2


22 2
62 2

23 2
62 2

42 2
13 2

43 2
13 2

52 2
23 2

53 2
23 2
